0
11
22
32
43
54
65
76
87
97
107
118
129
140
151
162
173
184
195
206
217
228
239
250
261
272
283
294
305
316
326
337
348
359
370
381
392
403
413
424
435
446
457
468
479
490
501
511
522
533
544
555
566
577
588
599
610
621
632
643
654
665
676
687
698
709
720
731
742
753
764
775
786
796
807
818
829
840
850
860
871
882
893
904
915
926
937
948
959
970
981
992
1003
1014
1025
1036
1047
1058
1069
1080
1090
1101
1111
1122
1133
1144
1155
1166
1177
1187
1198
1208
1219
1230
1241
1252
1263
1274
1285
1296
1307
1318
1329
1340
1351
1362
1373
1384
1395
1406
1417
1428
1439
1450
1461
1470
1481
1492
1503
1514
1525
1536
1546
1557
1568
1578
1589
1599
1610
1621
1632
1643
1653
1664
1675
1686
1697
1708
1719
1730
1740
1751
1762
1773
1784
1795
1806
1817
1828
1839
1850
1861
1872
1883
1893
1903
1914
1924
1935
1946
1957
1968
1979
1990
2001
2012
2023
2034
2045
2056
2067
2078
2089
2099
2110
2121
2132
2143
2154
2165
2175
2186
2197
2208
2219
2230
2241
2252
2263
2274
2285
2296
2307
2318
2329
2340
2351
2362
2371
2382
2393
2404
2414
2425
2436
2447
2457
2467
2478
2488
2499
2510
2521
2532
2543
2554
2565
2576
2587
2598
2609
2620
2631
2642
2653
2664
2675
2686
2697
2708
2719
2730
2741
2752
2763
2774
2785
2796
2807
2818
2828
2839
2849
2860
2871
2882
2893
2904
2915
2926
2937
2948
2959
2969
2980
2991
3001
3012
3023
3034
3045
3056
3067
3078
3089
3099
3110
3121
3132
3143
3154
3165
3176
3187
3198
3209
3220
3231
3242
3252
3263
3274
3285
3296
3307
3318
3329
3340
3350
3361
3372
3383
3394
3405
3416
3427
3438
3449
3460
3471
3482
3493
3504
3515
3526
3537
3548
3558
3569
3580
3591
3602
3613
3624
3635
3646
3657
3668
3679
3690
3701
3712
3723
3734
3745
3756
3767
3778
3789
3800
3811
3822
3833
3844
3855
3866
3877
3888
3899
3910
3921
3932
3943
3954
3964
3975
3986
3997
4008
4019
4030
4041
4051
4062
4073
4084
4095
4106
4117
4128
4139
4150
4161
4172
4183
4194
4205
4216
4227
4238
4248
4259
4270
4281
4292
4303
4314
4325
4336
4347
4358
4369
4379
4390
4401
4412
4423
4434
4444
4455
4466
4477
4488
4499
4510
4521
4532
4543
4554
4564
4575
4586
4597
4608
4619
4630
4641
4652
4663
4674
4685
4696
4707
4718
4729
4740
4751
4762
4773
4784
4795
4806
4817
4828
4839
4850
4861
4872
4883
4894
4905
4916
4927
4938
4949
4960
4971
4982
4993
5003
5014
5025
5036
5047
5058
5069
5080
5090
5101
5111
5122
5133
5144
5155
5166
5177
5188
5198
5209
5220
5230
5241
5251
5262
5273
5284
5295
5306
5317
5328
5339
5350
5361
5372
5383
5394
5405
5416
5427
5438
5449
5460
5471
5482
5493
5504
5515
5526
5537
5548
5559
5570
5581
5592
5603
5614
5625
5634
5645
5656
5667
5678
5689
5699
5710
5720
5731
5742
5753
5764
5775
5786
5797
5808
5819
5830
5841
5852
5863
5874
5885
5896
5907
5918
5929
5940
5951
5962
5973
5984
5995
6006
6017
6028
6039
6050
6061
6072
6083
6094
6105
6116
6126
6136
6147
6156
6167
6178
6189
6200
6211
6222
6233
6244
6255
6266
6277
6288
6299
6310
6321
6332
6343
6354
6365
6376
6386
6397
6408
6419
6430
6440
6451
6462
6473
6484
6495
6506
6517
6528
6539
6550
6561
6572
6583
6594
6605
6616
6627
6638
6649
6660
6671
6682
6693
6704
6715
6726
6737
6748
6759
6770
6779
6790
6801
6812
6823
6834
6845
6856
6866
6877
6887
6898
6909
6920
6931
6942
6953
6964
6974
6985
6996
7007
7018
7029
7040
7051
7062
7073
7084
7095
7106
7117
7128
7139
7149
7160
7171
7182
7193
7204
7215
7226
7237
7248
7259
7270
7281
7292
7303
7314
7325
7336
7347
7358
7369
7380
7391
7402
7412
7423
7434
7445
7456
7467
7478
7489
7500
7511
7522
7533
7544
7555
7566
7576
7587
7598
7609
7620
7631
7642
7653
7664
7674
7685
7696
7707
7718
7729
7740
7751
7761
7772
7782
7793
7804
7815
7826
7837
7848
7859
7870
7880
7890
7901
7911
7922
7933
7944
7955
7966
7977
7988
7998
8009
8020
8031
8042
8053
8064
8075
8086
8097
8108
8119
8130
8141
8151
8162
8173
8184
8195
8206
8217
8228
8239
8250
8261
8272
8283
8294
8304
8314
8325
8335
8345
8356
8367
8378
8389
8400
8411
8422
8433
8443
8454
8465
8476
8487
8498
8509
8520
8531
8542
8553
8563
8574
8585
8596
8607
8618
8627
8638
8649
8659
8670
8681
8692
8703
8714
8725
8736
8747
8757
8767
8778
8789
8800
8811
8822
8833
8844
8855
8866
8877
8888
8899
8910
8921
8932
8943
8954
8965
8976
8987
8998
9009
9020
9031
9042
9053
9064
9075
9086
9097
9107
9118
9129
9140
9151
9162
9173
9184
9195
9206
9217
9228
9238
9249
9260
9271
9282
9293
9304
9314
9325
9335
9346
9357
9368
9379
9390
9401
9412
9423
9434
9445
9456
9466
9477
9486
9497
9508
9519
9530
9541
9552
9563
9573
9584
9595
9606
9617
9628
9639
9650
9661
9672
9683
9694
9705
9715
9725
9736
9747
9758
9769
9779
9790
9801
9812
9823
9834
9845
9856
9867
9878
9888
9899
9909
9920
9931
9942
9953
9964
9975
9986
9997
10008
10019
10030
10041
10052
10062
10073
10084
10095
10106
10117
10128
10139
10150
10160
10171
10182
10193
10204
10215
10226
10237
10248
10259
10270
10281
10292
10303
10314
10325
10336
10347
10358
10369
10380
10391
10402
